11R 3連単オッズ 
2026年10月9日(金) 初日 第11レース (Ｓ級特選予) 
2025m発走時間 15:50　締切予定 x
2026/10/09 14:58現在
更新する
ライブ映像
オッズ
人気順
 軸	1	2	3	4	5	6	7	8	9
								

 	2着
1	2	3	4	5	6	7	8	9
3着	1									
2			349.4	2006.0	1403.4	6018.0	543.7	265.1	730.5
3		274.8		1732.0	1386.9	5221.5	812.5	278.7	715.8
4		1291.1	1164.1		2088.6	5820.7	1820.8	1008.7	2448.7
5		872.4	934.3	2383.0		6455.7	1344.9	495.9	700.3
6		2305.6	3034.7	5072.3	4330.0		5000.9	1026.2	5462.5
7		343.0	669.9	2415.4	1868.7	8069.7		453.4	1127.1
8		397.1	497.9	2247.2	1339.8	1849.3	949.3		776.9
9		496.5	733.6	3142.1	910.4	7554.6	1310.2	368.7	
発売票数　1


←
2
先行
7
追込
 
6
叩先
8
追込
1
追込
 
4
叩先
3
追込
 
9
自在
5
追込
（記者コメントは省略）
