10R 3連単オッズ 
2026年10月9日(金) 初日 第10レース (Ｓ級特選予) 
2025m発走時間 15:13　締切予定 x
2026/10/09 14:58現在
更新する
ライブ映像
オッズ
人気順
 軸	1	2	3	4	5	6	7	8	9
								

 	2着
1	2	3	4	5	6	7	8	9
3着	1									
2			139.3	70.8	78.1	1536.2	99.6	450.3	36.0
3		62.7		129.0	124.0	1822.4	84.2	601.0	111.8
4		79.2	208.2		106.2	1344.5	164.5	529.9	128.3
5		59.9	184.2	80.7		1469.4	145.5	420.7	99.4
6		381.4	900.1	507.1	465.0		858.5	653.9	622.7
7		64.0	114.6	121.4	140.6	2100.3		677.1	111.2
8		252.9	500.7	322.8	277.1	1421.6	479.3		360.4
9		23.5	178.6	112.3	98.7	1887.1	124.4	564.5	
発売票数　1


←
9
先行
2
追込
 
4
叩先
1
追込
 
7
自在
3
追込
 
8
叩先
6
追込
 
5
自在
（記者コメントは省略）
