12R 3連単オッズ 
2026年10月9日(金) 初日 第12レース (Ｓ級日競杯) 
2025m発走時間 16:30　締切予定 x
2026/10/09 14:57現在
更新する
ライブ映像
オッズ
人気順
 軸	1	2	3	4	5	6	7	8	9
								

 	2着
1	2	3	4	5	6	7	8	9
3着	1									
2			335.3	68.1	118.6	1978.3	122.7	189.7	258.8
3		190.4		302.0	466.4	3310.7	492.4	646.8	555.9
4		55.5	501.0		145.1	1374.7	240.7	176.2	358.7
5		57.2	420.9	91.6		2069.2	239.0	284.8	161.4
6		543.2	2053.4	574.0	1257.5		1926.6	831.0	2112.3
7		59.6	540.3	150.7	257.0	3737.9		348.1	549.5
8		114.8	656.2	119.5	336.2	1334.0	382.0		589.0
9		162.4	728.7	254.0	196.7	3755.2	599.0	747.5	
発売票数　1


←
6
先行
8
追込
 
1
自在
 
7
叩先
2
追込
 
3
叩先
9
追込
5
追込
 
4
自在
（記者コメントは省略）
